{
    "w": 1200,
    "h": 1200,
    "fl_x": 278.90826437782664,
    "fl_y": 275.8122799308048,
    "cx": 600.2611592688587,
    "cy": 600.1584124989722,
    "k1": 0.30272798439487875,
    "k2": 0.2549823261129406,
    "k3": -0.140072272556412,
    "k4": 0.1364771572539654,
    "camera_model": "OPENCV_FISHEYE",
    "frames": [
        {
            "file_path": "images/frame_00274.jpg",
            "transform_matrix": [
                [
                    -0.9987370095970517,
                    -0.023680121619960137,
                    0.04431294958814666,
                    0.9397599495358231
                ],
                [
                    0.045533170912391896,
                    -0.05374959400552432,
                    0.9975157700462198,
                    -5.090272424470116
                ],
                [
                    -0.021239491702972534,
                    0.9982736263090922,
                    0.05475993980908088,
                    -0.06480549017397605
                ],
                [
                    0.0,
                    0.0,
                    0.0,
                    1.0
                ]
            ],
            "colmap_im_id": 274
        },
        {
            "file_path": "images/frame_00273.jpg",
            "transform_matrix": [
                [
                    -0.7470633237667187,
                    0.010134440323463941,
                    -0.6646756226927185,
                    0.9302820573558355
                ],
                [
                    -0.66462823640891,
                    -0.030749040231297695,
                    0.7465412271889852,
                    -5.1463761996383
                ],
                [
                    -0.012872359946988942,
                    0.9994757574069437,
                    0.029707115397004994,
                    -0.18937667429950072
                ],
                [
                    0.0,
                    0.0,
                    0.0,
                    1.0
                ]
            ],
            "colmap_im_id": 273
        },
        {
            "file_path": "images/frame_00272.jpg",
            "transform_matrix": [
                [
                    -0.05799394854205656,
                    0.012159318739366296,
                    -0.9982428827195791,
                    0.9064964100345322
                ],
                [
                    -0.9978255768564193,
                    -0.03207452785995475,
                    0.057579013830686705,
                    -5.1473164422374085
                ],
                [
                    -0.03131804757092498,
                    0.9994115146576786,
                    0.013993007753510239,
                    -0.17786061042261134
                ],
                [
                    0.0,
                    0.0,
                    0.0,
                    1.0
                ]
            ],
            "colmap_im_id": 272
        },
        {
            "file_path": "images/frame_00271.jpg",
            "transform_matrix": [
                [
                    0.6637220357480644,
                    0.012065402229259914,
                    -0.7478819996038756,
                    0.9091764551856528
                ],
                [
                    -0.747245664135535,
                    -0.03357861642700337,
                    -0.6636990236164968,
                    -5.141503857212928
                ],
                [
                    -0.033120638476458936,
                    0.9993632485677538,
                    -0.013271048150668385,
                    -0.1783510445048524
                ],
                [
                    0.0,
                    0.0,
                    0.0,
                    1.0
                ]
            ],
            "colmap_im_id": 271
        },
        {
            "file_path": "images/frame_00270.jpg",
            "transform_matrix": [
                [
                    0.05834975429754589,
                    0.011077090116467828,
                    0.9982347440597164,
                    0.9277600346583913
                ],
                [
                    0.9976917744820791,
                    -0.03543788607038367,
                    -0.05792477329832756,
                    -5.145453969132977
                ],
                [
                    0.034733691197685296,
                    0.9993104894403012,
                    -0.013119313639427994,
                    -0.17380147911480456
                ],
                [
                    0.0,
                    0.0,
                    0.0,
                    1.0
                ]
            ],
            "colmap_im_id": 270
        },
        {
            "file_path": "images/frame_00269.jpg",
            "transform_matrix": [
                [
                    -0.6698080818833596,
                    -0.014499607347717568,
                    0.7423926823659402,
                    0.952029108931877
                ],
                [
                    0.7420463493140397,
                    -0.04930974029103899,
                    0.668532545940836,
                    -5.1101038475759
                ],
                [
                    0.026913730946120238,
                    0.9986782819803345,
                    0.043787443261368304,
                    -0.09489061945437517
                ],
                [
                    0.0,
                    0.0,
                    0.0,
                    1.0
                ]
            ],
            "colmap_im_id": 269
        },
        {
            "file_path": "images/frame_00268.jpg",
            "transform_matrix": [
                [
                    -0.9985180722579144,
                    -0.01732025242814828,
                    0.051591358095744576,
                    0.95046468159947
                ],
                [
                    0.052394918596275326,
                    -0.04968691467315473,
                    0.997389584372903,
                    -5.105887416809572
                ],
                [
                    -0.014711623962969144,
                    0.9986146500858516,
                    0.05052077547192171,
                    -0.0906196419757943
                ],
                [
                    0.0,
                    0.0,
                    0.0,
                    1.0
                ]
            ],
            "colmap_im_id": 268
        },
        {
            "file_path": "images/frame_00267.jpg",
            "transform_matrix": [
                [
                    -0.05779757156552013,
                    0.012245161154353588,
                    -0.9982532227593522,
                    0.9035981583788625
                ],
                [
                    -0.997809520291241,
                    -0.03294078798714717,
                    0.05736781068638913,
                    -5.151699996984782
                ],
                [
                    -0.03218076968147492,
                    0.999382289474398,
                    0.014122235928426258,
                    -0.17605730497898353
                ],
                [
                    0.0,
                    0.0,
                    0.0,
                    1.0
                ]
            ],
            "colmap_im_id": 267
        },
        {
            "file_path": "images/frame_00266.jpg",
            "transform_matrix": [
                [
                    0.6636221395453652,
                    0.011745841093499089,
                    -0.7479757289660129,
                    0.9084363059575943
                ],
                [
                    -0.7473045444437497,
                    -0.0347510845946362,
                    -0.6635723622734873,
                    -5.142255855116741
                ],
                [
                    -0.033787183353334777,
                    0.9993269721850315,
                    -0.01428386868272844,
                    -0.17933938009876307
                ],
                [
                    0.0,
                    0.0,
                    0.0,
                    1.0
                ]
            ],
            "colmap_im_id": 266
        },
        {
            "file_path": "images/frame_00265.jpg",
            "transform_matrix": [
                [
                    0.05847669897731367,
                    0.01142506177909497,
                    0.9982233936549777,
                    0.9286634001338238
                ],
                [
                    0.9976576855684376,
                    -0.03621843001483572,
                    -0.0580290250951071,
                    -5.145287450834767
                ],
                [
                    0.03549109892557237,
                    0.9992785864265301,
                    -0.01351623492141675,
                    -0.17375452173016978
                ],
                [
                    0.0,
                    0.0,
                    0.0,
                    1.0
                ]
            ],
            "colmap_im_id": 265
        },
        {
            "file_path": "images/frame_00264.jpg",
            "transform_matrix": [
                [
                    -0.6694961596245844,
                    -0.013680187568446146,
                    0.742689534540527,
                    0.9469600066252903
                ],
                [
                    0.7422900504839895,
                    -0.04992192012602874,
                    0.6682164939923333,
                    -5.115201480913755
                ],
                [
                    0.027935160647625072,
                    0.9986594286136904,
                    0.04357720092627384,
                    -0.0954231590530277
                ],
                [
                    0.0,
                    0.0,
                    0.0,
                    1.0
                ]
            ],
            "colmap_im_id": 264
        },
        {
            "file_path": "images/frame_00263.jpg",
            "transform_matrix": [
                [
                    -0.05792609729649044,
                    0.012343747876641156,
                    -0.9982445587832445,
                    0.9033908908032793
                ],
                [
                    -0.9978129699100952,
                    -0.0326079023881461,
                    0.05749784153374971,
                    -5.151862042828528
                ],
                [
                    -0.031840922272958344,
                    0.9993919934591247,
                    0.014205600254982971,
                    -0.1759688822861681
                ],
                [
                    0.0,
                    0.0,
                    0.0,
                    1.0
                ]
            ],
            "colmap_im_id": 263
        },
        {
            "file_path": "images/frame_00262.jpg",
            "transform_matrix": [
                [
                    0.6637135754477659,
                    0.011762990463541779,
                    -0.7478943253038477,
                    0.9091380696249141
                ],
                [
                    -0.7472259411855569,
                    -0.034661125094374134,
                    -0.6636655778526942,
                    -5.142887430895229
                ],
                [
                    -0.0337295506299914,
                    0.9993298947107241,
                    -0.014215447645152594,
                    -0.17868494350274342
                ],
                [
                    0.0,
                    0.0,
                    0.0,
                    1.0
                ]
            ],
            "colmap_im_id": 262
        },
        {
            "file_path": "images/frame_00261.jpg",
            "transform_matrix": [
                [
                    0.0585157851420297,
                    0.011054734338324223,
                    0.9982252730410707,
                    0.9282811272744552
                ],
                [
                    0.9976433073354257,
                    -0.03653610494590565,
                    -0.05807705540240742,
                    -5.144724839962925
                ],
                [
                    0.03582923691685815,
                    0.9992711873581119,
                    -0.013166620593941539,
                    -0.17286914045674898
                ],
                [
                    0.0,
                    0.0,
                    0.0,
                    1.0
                ]
            ],
            "colmap_im_id": 261
        },
        {
            "file_path": "images/frame_00260.jpg",
            "transform_matrix": [
                [
                    -0.6696105269836585,
                    -0.014091590087671463,
                    0.7425787293219942,
                    0.9467266354134362
                ],
                [
                    0.7421793213181658,
                    -0.0505705506813023,
                    0.668290711001953,
                    -5.114442136740253
                ],
                [
                    0.02813533650719694,
                    0.998621072525806,
                    0.04432105985912247,
                    -0.09417513331009258
                ],
                [
                    0.0,
                    0.0,
                    0.0,
                    1.0
                ]
            ],
            "colmap_im_id": 260
        },
        {
            "file_path": "images/frame_00259.jpg",
            "transform_matrix": [
                [
                    -0.057474261777858235,
                    0.012303597310498429,
                    -0.9982711709381931,
                    0.9063547347561561
                ],
                [
                    -0.997859664195763,
                    -0.03194697383678424,
                    0.0570568263557545,
                    -5.148620002543114
                ],
                [
                    -0.031189738764682194,
                    0.9994138343828811,
                    0.014113392217959582,
                    -0.1769697212594947
                ],
                [
                    0.0,
                    0.0,
                    0.0,
                    1.0
                ]
            ],
            "colmap_im_id": 259
        },
        {
            "file_path": "images/frame_00258.jpg",
            "transform_matrix": [
                [
                    0.6637976668666968,
                    0.011729291489389091,
                    -0.7478202198279255,
                    0.908463154013133
                ],
                [
                    -0.7471929107813323,
                    -0.03344115335408014,
                    -0.6637653526212928,
                    -5.141293928747545
                ],
                [
                    -0.03279346795399985,
                    0.9993718592113278,
                    -0.013434116124410471,
                    -0.17907816722185063
                ],
                [
                    0.0,
                    0.0,
                    0.0,
                    1.0
                ]
            ],
            "colmap_im_id": 258
        },
        {
            "file_path": "images/frame_00127.jpg",
            "transform_matrix": [
                [
                    0.9993478861237737,
                    0.009144211274920827,
                    -0.03493115944404127,
                    0.9360710414719243
                ],
                [
                    -0.034818934010884775,
                    -0.012157131761847823,
                    -0.9993196915810628,
                    -4.302216848469217
                ],
                [
                    -0.009562653098961284,
                    0.9998842870790021,
                    -0.01183081223856775,
                    -0.15073038947509804
                ],
                [
                    0.0,
                    0.0,
                    0.0,
                    1.0
                ]
            ],
            "colmap_im_id": 127
        },
        {
            "file_path": "images/frame_00126.jpg",
            "transform_matrix": [
                [
                    -0.03179737104710448,
                    0.010271626044753492,
                    -0.9994415545157651,
                    1.02627949861923
                ],
                [
                    -0.9994552649135803,
                    -0.009168223431704921,
                    0.031703582063091186,
                    -4.730465368313967
                ],
                [
                    -0.008837456139499805,
                    0.9999052141965772,
                    0.010557556131953014,
                    -0.15604959045461234
                ],
                [
                    0.0,
                    0.0,
                    0.0,
                    1.0
                ]
            ],
            "colmap_im_id": 126
        },
        {
            "file_path": "images/frame_00125.jpg",
            "transform_matrix": [
                [
                    0.6827941229542982,
                    0.009430574062492435,
                    -0.7305499640215736,
                    1.0291257762240926
                ],
                [
                    -0.7304743348067072,
                    -0.010515748945359893,
                    -0.6828591840290477,
                    -4.7225537849752195
                ],
                [
                    -0.014122034122931653,
                    0.9999002366721241,
                    -0.00029129926321004275,
                    -0.15874122213187813
                ],
                [
                    0.0,
                    0.0,
                    0.0,
                    1.0
                ]
            ],
            "colmap_im_id": 125
        },
        {
            "file_path": "images/frame_00124.jpg",
            "transform_matrix": [
                [
                    0.999362486945881,
                    0.010744525600233912,
                    -0.034046657030750584,
                    1.026992371542073
                ],
                [
                    -0.03392014617851671,
                    -0.01174490511022365,
                    -0.9993555327745877,
                    -4.726285078309505
                ],
                [
                    -0.01113747586177845,
                    0.9998732981601107,
                    -0.011372961700917747,
                    -0.1600636368697183
                ],
                [
                    0.0,
                    0.0,
                    0.0,
                    1.0
                ]
            ],
            "colmap_im_id": 124
        },
        {
            "file_path": "images/frame_00123.jpg",
            "transform_matrix": [
                [
                    0.7316263423226596,
                    0.01186367255168157,
                    0.6816026323989316,
                    1.022204992582746
                ],
                [
                    0.6817047013701379,
                    -0.010879883286135787,
                    -0.7315465318553094,
                    -4.738094917534199
                ],
                [
                    -0.0012630714222263883,
                    0.9998704323127404,
                    -0.01604753056753015,
                    -0.16205984213768734
                ],
                [
                    0.0,
                    0.0,
                    0.0,
                    1.0
                ]
            ],
            "colmap_im_id": 123
        },
        {
            "file_path": "images/frame_00122.jpg",
            "transform_matrix": [
                [
                    0.03480324116536477,
                    0.00942912796636259,
                    0.9993497015310402,
                    1.0435070258405252
                ],
                [
                    0.9993340442736655,
                    -0.011298184796228817,
                    -0.03469609453453916,
                    -4.743369670197511
                ],
                [
                    0.010963683688654625,
                    0.999891715420277,
                    -0.009816062034793063,
                    -0.15618395687020295
                ],
                [
                    0.0,
                    0.0,
                    0.0,
                    1.0
                ]
            ],
            "colmap_im_id": 122
        },
        {
            "file_path": "images/frame_00121.jpg",
            "transform_matrix": [
                [
                    -0.6803324969435328,
                    0.00655772858342579,
                    0.732874266022763,
                    1.0464819757622494
                ],
                [
                    0.7327519507757122,
                    -0.014255200459383574,
                    0.6803465057558908,
                    -4.748116823340668
                ],
                [
                    0.014908797301107356,
                    0.9998768851492112,
                    0.00489308771080013,
                    -0.140288079726517
                ],
                [
                    0.0,
                    0.0,
                    0.0,
                    1.0
                ]
            ],
            "colmap_im_id": 121
        },
        {
            "file_path": "images/frame_00120.jpg",
            "transform_matrix": [
                [
                    -0.032991872478349574,
                    0.008881963876323616,
                    -0.9994161530954317,
                    0.9392761495287658
                ],
                [
                    -0.9994083402819834,
                    -0.010019494802146067,
                    0.03290256978901417,
                    -4.2908797783047214
                ],
                [
                    -0.00972140551481626,
                    0.9999103562027994,
                    0.009207270670891008,
                    -0.14852561174959772
                ],
                [
                    0.0,
                    0.0,
                    0.0,
                    1.0
                ]
            ],
            "colmap_im_id": 120
        },
        {
            "file_path": "images/frame_00119.jpg",
            "transform_matrix": [
                [
                    0.6836012427898641,
                    0.009572322097783918,
                    -0.7297929237159055,
                    0.9383353419653135
                ],
                [
                    -0.7297114308018028,
                    -0.010916372385017073,
                    -0.6836680924038631,
                    -4.2919389117346425
                ],
                [
                    -0.014510982507700458,
                    0.9998945961768207,
                    -0.00047741287508500313,
                    -0.14768941413003026
                ],
                [
                    0.0,
                    0.0,
                    0.0,
                    1.0
                ]
            ],
            "colmap_im_id": 119
        },
        {
            "file_path": "images/frame_00118.jpg",
            "transform_matrix": [
                [
                    0.9994217413569952,
                    0.00910664078537799,
                    -0.032760524973772555,
                    0.9385128714571949
                ],
                [
                    -0.03264884856366693,
                    -0.012152690874859928,
                    -0.999392998170373,
                    -4.292501042915738
                ],
                [
                    -0.009499241570663897,
                    0.9998846839501574,
                    -0.011848342140400257,
                    -0.14978655994299625
                ],
                [
                    0.0,
                    0.0,
                    0.0,
                    1.0
                ]
            ],
            "colmap_im_id": 118
        },
        {
            "file_path": "images/frame_00117.jpg",
            "transform_matrix": [
                [
                    0.7300335036949337,
                    0.010762803357438778,
                    0.6833266023994592,
                    0.9376602542943783
                ],
                [
                    0.6834113119680773,
                    -0.011132276864352432,
                    -0.7299486633222136,
                    -4.30440359594795
                ],
                [
                    -0.0002493129976742176,
                    0.9998801100510523,
                    -0.015482356646346916,
                    -0.14919479922130238
                ],
                [
                    0.0,
                    0.0,
                    0.0,
                    1.0
                ]
            ],
            "colmap_im_id": 117
        },
        {
            "file_path": "images/frame_00116.jpg",
            "transform_matrix": [
                [
                    -0.6818862685731584,
                    0.008038409518295686,
                    0.7314140419104563,
                    0.9510601197113387
                ],
                [
                    0.7313194732513866,
                    -0.011982594304121082,
                    0.6819297951234113,
                    -4.312040281706714
                ],
                [
                    0.014245868688479872,
                    0.9998958952841835,
                    0.0022921211031641736,
                    -0.13694258145280788
                ],
                [
                    0.0,
                    0.0,
                    0.0,
                    1.0
                ]
            ],
            "colmap_im_id": 116
        },
        {
            "file_path": "images/frame_00115.jpg",
            "transform_matrix": [
                [
                    -0.032431109043281406,
                    0.009437019137772963,
                    -0.9994294201373182,
                    0.7136842776315272
                ],
                [
                    -0.9994229698769959,
                    -0.010408113707511456,
                    0.03233262209126811,
                    -3.2987519117241155
                ],
                [
                    -0.010097051473971767,
                    0.9999013020487795,
                    0.00976912036404228,
                    -0.11829895861361135
                ],
                [
                    0.0,
                    0.0,
                    0.0,
                    1.0
                ]
            ],
            "colmap_im_id": 115
        },
        {
            "file_path": "images/frame_00114.jpg",
            "transform_matrix": [
                [
                    0.6847815728286786,
                    0.008521239693891253,
                    -0.7286985563237797,
                    0.7146849263278878
                ],
                [
                    -0.7286145318122406,
                    -0.01115799748519765,
                    -0.6848330914348035,
                    -3.301163309232029
                ],
                [
                    -0.013966443581352399,
                    0.9999014389259573,
                    -0.0014320919975076315,
                    -0.11910190956176718
                ],
                [
                    0.0,
                    0.0,
                    0.0,
                    1.0
                ]
            ],
            "colmap_im_id": 114
        },
        {
            "file_path": "images/frame_00113.jpg",
            "transform_matrix": [
                [
                    0.9994541290044312,
                    0.009503685958396972,
                    -0.03164054312426025,
                    0.7151205713350071
                ],
                [
                    -0.03152679316042788,
                    -0.011889460946129403,
                    -0.9994321898115098,
                    -3.3022088059986037
                ],
                [
                    -0.0098744786704718,
                    0.9998841536256162,
                    -0.011583350092773918,
                    -0.12054170973333006
                ],
                [
                    0.0,
                    0.0,
                    0.0,
                    1.0
                ]
            ],
            "colmap_im_id": 113
        },
        {
            "file_path": "images/frame_00112.jpg",
            "transform_matrix": [
                [
                    -0.6824026522171185,
                    0.009464364127877262,
                    0.730915211265094,
                    0.7372594444490999
                ],
                [
                    0.7307992942961917,
                    -0.013181750820837815,
                    0.6824651147871843,
                    -3.3168243882802675
                ],
                [
                    0.016093840536975965,
                    0.999868324959318,
                    0.0020787110953900106,
                    -0.11143047832945863
                ],
                [
                    0.0,
                    0.0,
                    0.0,
                    1.0
                ]
            ],
            "colmap_im_id": 112
        },
        {
            "file_path": "images/frame_00111.jpg",
            "transform_matrix": [
                [
                    -0.7302076373845269,
                    0.012002293691198257,
                    -0.683119865947007,
                    0.46644449708513014
                ],
                [
                    -0.6832238710469004,
                    -0.014870294332533972,
                    0.7300575431965288,
                    -2.3097287039462318
                ],
                [
                    -0.00139582842611375,
                    0.9998173929736439,
                    0.01905865604891442,
                    -0.08079469145328426
                ],
                [
                    0.0,
                    0.0,
                    0.0,
                    1.0
                ]
            ],
            "colmap_im_id": 111
        },
        {
            "file_path": "images/frame_00110.jpg",
            "transform_matrix": [
                [
                    -0.03697767406341556,
                    0.014588099211578689,
                    -0.9992096071306823,
                    0.46686487688585165
                ],
                [
                    -0.9992525017556281,
                    -0.011819673457904516,
                    0.03680669849995731,
                    -2.304727274551287
                ],
                [
                    -0.011273391502917679,
                    0.9998237258040746,
                    0.015014258665691711,
                    -0.08073716490818789
                ],
                [
                    0.0,
                    0.0,
                    0.0,
                    1.0
                ]
            ],
            "colmap_im_id": 110
        },
        {
            "file_path": "images/frame_00109.jpg",
            "transform_matrix": [
                [
                    0.6846799382176176,
                    0.011804521924199533,
                    -0.728748266182816,
                    0.47346443140015465
                ],
                [
                    -0.7286798638886617,
                    -0.010123334837552827,
                    -0.6847796536514271,
                    -2.3160066374199175
                ],
                [
                    -0.015460859145628754,
                    0.9998790783659331,
                    0.0016704731578645108,
                    -0.08124454738938425
                ],
                [
                    0.0,
                    0.0,
                    0.0,
                    1.0
                ]
            ],
            "colmap_im_id": 109
        },
        {
            "file_path": "images/frame_00108.jpg",
            "transform_matrix": [
                [
                    0.9994095784003036,
                    0.010596272414015657,
                    -0.03268353733388876,
                    0.4632642403810939
                ],
                [
                    -0.032563247338302355,
                    -0.011332597059317377,
                    -0.9994054268247075,
                    -2.3172945025543012
                ],
                [
                    -0.01096036151375831,
                    0.9998796383839501,
                    -0.010980857009751275,
                    -0.0829506292865638
                ],
                [
                    0.0,
                    0.0,
                    0.0,
                    1.0
                ]
            ],
            "colmap_im_id": 108
        },
        {
            "file_path": "images/frame_00107.jpg",
            "transform_matrix": [
                [
                    0.7291433241967389,
                    0.01225369412473833,
                    0.6842513133050069,
                    0.4731751526923294
                ],
                [
                    0.68436031093946,
                    -0.011611001442328066,
                    -0.7290515410150038,
                    -2.3173124413590753
                ],
                [
                    -0.000988731599067668,
                    0.9998575056605834,
                    -0.016852026110275174,
                    -0.08965159869956196
                ],
                [
                    0.0,
                    0.0,
                    0.0,
                    1.0
                ]
            ],
            "colmap_im_id": 107
        },
        {
            "file_path": "images/frame_00106.jpg",
            "transform_matrix": [
                [
                    -0.7298822334518963,
                    0.008371592515182394,
                    -0.6835216468627977,
                    0.2415872739151122
                ],
                [
                    -0.6835722436777296,
                    -0.010336411438632304,
                    0.7298096644139249,
                    -1.3294891582199062
                ],
                [
                    -0.0009554918450700234,
                    0.999911533605514,
                    0.013266951345465593,
                    -0.05700459021521293
                ],
                [
                    0.0,
                    0.0,
                    0.0,
                    1.0
                ]
            ],
            "colmap_im_id": 106
        },
        {
            "file_path": "images/frame_00105.jpg",
            "transform_matrix": [
                [
                    -0.03427644712907813,
                    0.013933927772539066,
                    -0.9993152509739038,
                    0.23649676581974433
                ],
                [
                    -0.9993475407491622,
                    -0.011868430817596514,
                    0.034112067491269916,
                    -1.325745726808845
                ],
                [
                    -0.011384988836557544,
                    0.9998324789717314,
                    0.01433164409388784,
                    -0.045038713365677725
                ],
                [
                    0.0,
                    0.0,
                    0.0,
                    1.0
                ]
            ],
            "colmap_im_id": 105
        },
        {
            "file_path": "images/frame_00104.jpg",
            "transform_matrix": [
                [
                    0.685689814748829,
                    0.010664076564599069,
                    -0.7278157427678664,
                    0.23768562131837165
                ],
                [
                    -0.7277283495461736,
                    -0.011278537806405756,
                    -0.6857727348413263,
                    -1.334804198684172
                ],
                [
                    -0.015521830321167066,
                    0.9998795287713285,
                    2.6972338677680886e-05,
                    -0.053610053507171296
                ],
                [
                    0.0,
                    0.0,
                    0.0,
                    1.0
                ]
            ],
            "colmap_im_id": 104
        },
        {
            "file_path": "images/frame_00103.jpg",
            "transform_matrix": [
                [
                    0.9994860078600382,
                    0.011457974092675184,
                    -0.029940523069836435,
                    0.241695140173781
                ],
                [
                    -0.02980567120694239,
                    -0.011764438370210307,
                    -0.9994864781245103,
                    -1.336513115190566
                ],
                [
                    -0.011804323610756754,
                    0.9998651473171396,
                    -0.011416878932853012,
                    -0.053977570425331495
                ],
                [
                    0.0,
                    0.0,
                    0.0,
                    1.0
                ]
            ],
            "colmap_im_id": 103
        },
        {
            "file_path": "images/frame_00102.jpg",
            "transform_matrix": [
                [
                    0.728590129079388,
                    0.012668558353953908,
                    0.6848327762580535,
                    0.2325302218835359
                ],
                [
                    0.684948635963864,
                    -0.011522778719897098,
                    -0.7285002344967461,
                    -1.3335599800028595
                ],
                [
                    -0.0013378711906367883,
                    0.9998533558476488,
                    -0.017072694599052394,
                    -0.053051435452307234
                ],
                [
                    0.0,
                    0.0,
                    0.0,
                    1.0
                ]
            ],
            "colmap_im_id": 102
        },
        {
            "file_path": "images/frame_00101.jpg",
            "transform_matrix": [
                [
                    0.03198638848346036,
                    0.012249275349749747,
                    0.9994132409595098,
                    0.2454391965457439
                ],
                [
                    0.9994333113765521,
                    -0.01088117971161715,
                    -0.03185366602109451,
                    -1.3446902274399035
                ],
                [
                    0.010484610755058802,
                    0.9998657685817078,
                    -0.012590383466177694,
                    -0.050760858468673516
                ],
                [
                    0.0,
                    0.0,
                    0.0,
                    1.0
                ]
            ],
            "colmap_im_id": 101
        },
        {
            "file_path": "images/frame_00100.jpg",
            "transform_matrix": [
                [
                    -0.6819204258550352,
                    0.014097002686341478,
                    0.7312905081545554,
                    0.25442530454698764
                ],
                [
                    0.731222714234709,
                    -0.010452852539517974,
                    0.6820587071953642,
                    -1.3655169938764578
                ],
